10
23
66
19
20
-78
30
1
89
46
-77
-9
55
49
3
11
10
110
-8
13
29
31
9
-9
101
113
917
-105
235
666
-19
20
-78
30
133
89
46
-77
-9
551
-498
3
11
-10
110
-8
131
29
310
954
-95
100
1
920
483
-46
-779
20
2
-95
41
-78
-9
550
-4
3
11
-10
18
10
23
66
19
20
-78
30
1
89
46
-77
-9
55
49
3
11
10
110
-8
13
29
31
9
-9
101
113
917
-105
235
666
-19
20
-78
30
133
89
46
-77
-9
551
-498
3
11
-10
110
-8
131
29
310
954
-95
100
1
920
483
-46
-779
20
2
-95
41
-78
-9
550
-4
3
11
-10
18
10
23
66
19
20
-78
30
1
89
46
-77
-9
55
49
3
11
10
110
-8
13
29
31
9
-9
101
113
917
-105
235
666
-19
20
-78
30
133
89
46
-77
-9
551
-498
3
11
-10
110
-8
131
29
310
954
-95
100
1
920
483
-46
-779
20
2
-95
41
-78
-9
550
-4
3
11
-10
18
10
23
66
19
20
-78
30
1
89
46
-77
-9
55
49
3
11
10
110
-8
13
29
31
9
-9
101
113
917
-105
235
666
-19
20
-78
30
133
89
46
-77
-9
551
-498
3
11
-10
110
-8
131
29
310
954
-95
100
1
920
483
-46
-779
20
2
-95
41
-78
-9
550
-4
3
11
-10
18